5 10 4
1.960 0.064 -0.275 0.432 0.448 -0.765
11.678 2.632 3.822 3.128 1.567 2.944
12.410 3.174 3.739 2.800 2.198 2.913
5.592 1.703 0.820 1.827 2.644 1.083
-1.390 1.702 0.984 1.701 0.998 1.768
8.976 2.506 2.151 2.466 2.480 2.751
7.633 1.794 2.348 1.787 2.592 1.792
10.709 2.068 3.462 2.727 2.852 2.295
6.745 1.847 1.623 1.874 2.920 1.331
-4.581 -0.817 -1.549 -1.315 -1.245 -1.954
2.658 0.450 5.259 6.007 3.810 -0.805 6.097 4.903 6.720 4.550 -2.713
6.544 0.765 6.436 7.038 2.951 -2.986 5.409 4.040 6.762 3.717 -2.382
7.715 -0.487 5.576 6.130 0.750 -4.847 3.636 2.235 4.902 1.354 -2.533
10.505 -0.608 5.047 5.504 1.225 -8.234 3.168 2.626 4.798 1.819 -3.361
